MATNR,MATKL
1345008385,G010
30450095047,G001
1121003413,G001
1008000230,G010
1133008776,G001
1307000961,G010
1351006997,G001
1368003165,G001
1432006028,G001
1016006207,G010
1000004503,G010
1409007166,G010
1420006946,G010
1321004413,G010
1363009233,G010
1348003511,G010
1371002956,G010
1367000978,G010
1323005608,G010
1415000183,G010
1322007535,G010
1429004260,G010
1432009355,G010
1391005200,G010
1373000749,G001
1402005790,G001
1403002458,G001
1425008593,G001
1375008779,G001
1349007073,G001
1372004751,G001
1371003970,G002
1422005000,G002
1435004670,G002
1379007150,G002
1445009755,G002
1439007610,G002
1382006163,G002
1388006535,G002
517700933,G002
517700289,G003
475000537,G003
2.11E+13,G010
1325009694,G010
2300002813,G010
1362006908,G003
1421006724,G003
1429002154,G003
1420004259,G003
1435006145,G003
10000000014,G003
1434002798,G003
1371004340,G003
10000000015,G003
1345009986,G003
1370003193,G003
10000000019,G003
1324001925,G003
1366008322,G003
1021006701,G010
1423001403,G003
1423001404,G003
1423001405,G003
1423001406,G003
1412004880,G010
1412004917,G010
1421008027,G003
1422000276,G010
1249009715,G003
1271000148,G010
1304001935,G003
1375005551,G010
1315003187,G010
1120009200,G004
1330006213,G004
1257003472,G004
1305001362,G004
2300003492,G004
1426005985,G010
1428000709,G010
513700334,G010
1421008021,G010
513700332,G010
1305003432,G010
1383008383,G004
1356004694,G010
1347004579,G010
1347004580,G010
1375005702,G010
1121004263,G004
1381000232,G010
499800749,G010
506800801,G010
506800803,G010
506800805,G010
506800806,G010
1321008297,G004
1447000156,G004
1449008320,G004
1378006643,G010
1321007986,G004
1380008705,G010
1346002743,G004
1404000179,G004
1403002480,G004
1403004726,G004
1449008085,G004
1403006700,G004
1449008206,G004
1403007670,G004
1449008278,G004
1449008313,G004
1403008867,G004
506800819,G004
1000004517,G010
1249009434,G004
1121004261,G004
1170000877,G010
1000004518,G010
1000004519,G010
1000004520,G010
1000004521,G010
1000004522,G010
1303006803,G010
1303006804,G010
1303006805,G004
1303006806,G004
1303006807,G004
1303006808,G010
1232002968,G010
1303006809,G010
1303006810,G010
1303006811,G004
1303006812,G010
1117004743,G010
1304000442,G010
1117004745,G010
1304000443,G010
1304000444,G010
1304000509,G010
1304000531,G004
1330006066,G004
1330006067,G010
1306008271,G004
1306008272,G010
1388003672,G004
1346002704,G004
1346002711,G010
1427001134,G004
1427001279,G004
1430005183,G004
1430006800,G004
30490002554,G004
2390001937,G010
1121002913,G010
1307003653,G010
1307003659,G010
1177009764,G010
1307003660,G010
1121004250,G010
1177009765,G010
1121004253,G010
1177009766,G010
1178001055,G010
1179007891,G010
1254005357,G004
1254005359,G004
1254005361,G004
1010008069,G010
1010008070,G010
1010008071,G010
1010008072,G010
1316005149,G010
1188007449,G010
1261005636,G004
1261005637,G010
1261005643,G010
1262005292,G004
1262005293,G004
1262005295,G004
1319008101,G004
1319008102,G004
1319008104,G010
1319008105,G004
1321005222,G010
1321005223,G004
1321005224,G010
1272009764,G010
1158007367,G010
1330005655,G004
1330005656,G004
1330005657,G010
1330005658,G004
1099005306,G010
1099005458,G004
1330005659,G004
1330006037,G010
1330006038,G010
1330006039,G010
1330006040,G010
1330006041,G010
1332004464,G010
1332004465,G010
1332004466,G010
1332004467,G010
1292001668,G010
1109003929,G004
1109003930,G010
1109007102,G011
1338002809,G011
1000003978,G011
1139004673,G011
1271009372,G011
1000004549,G011
1154004228,G011
1166002457,G011
1007004451,G004
1168002386,G011
1168002391,G011
1010006511,G011
1010006512,G004
1010006513,G011
1010006514,G011
1010008013,G004
1010008014,G011
1010008015,G011
1010008016,G004
1010008018,G011
1010008206,G011
1010008207,G004
1010008208,G004
1010008209,G011
1012004482,G011
1018006170,G011
1177009763,G005
1261003164,G012
1301003371,G012
1423002022,G005
1346008723,G005
1347005270,G012
1387009312,G012
1423007732,G005
1349008016,G005
1425000681,G005
1394005880,G005
1395002828,G012
1425000797,G005
1312006001,G005
1426006571,G005
1363003123,G005
1426006576,G005
1426006690,G012
1426006771,G012
1426006791,G005
1426007781,G012
1426007786,G005
1398008864,G012
1426007790,G005
1426007814,G012
1398008873,G012
1426007846,G012
1426007896,G012
1426007929,G005
1426007948,G005
1426008058,G005
1426008170,G005
1426008181,G005
1426008192,G005
1426008193,G005
1426008200,G012
1426008343,G005
508400479,G005
509000383,G005
514500540,G012
1435006810,G012
1435006831,G012
1435006841,G012
1392009773,G005
1435006917,G012
1394004276,G012
1435006919,G013
1435006920,G013
1427000716,G005
1427000913,G005
1403002482,G005
1403006340,G005
1428005106,G005
1428005112,G005
1428005118,G013
1428005121,G005
1428005161,G005
1368005461,G005
1428005408,G013
1428005438,G005
1314003528,G005
1408009487,G013
1409000274,G013
1428005775,G005
1428005808,G005
1428005815,G005
1428005824,G005
1428005865,G005
1428005869,G005
1428005887,G005
1428005892,G005
1428005899,G005
1428005906,G013
1428005910,G013
1428005912,G013
1428005928,G005
1316001176,G013
1428005933,G005
1428005941,G005
1428005942,G005
1428005945,G005
1428005950,G005
1428009550,G005
1429000079,G005
1316006075,G005
1429002260,G005
1429002267,G005
1429002329,G013
1429002331,G013
1429002334,G013
1371006675,G005
1429004383,G013
1429009077,G013
1429009895,G013
1430001726,G005
1430001730,G005
1430001731,G005
1430001733,G005
1430001736,G005
1430001739,G005
1430001741,G005
1430001742,G005
1430001744,G005
1430001748,G005
1430001749,G005
1430001752,G005
1430001862,G013
1430001952,G005
1430001963,G005
1430001964,G005
1430002107,G005
1430002108,G005
1430002120,G005
1430002131,G005
1430002155,G005
1430002163,G005
1417008992,G005
1430002172,G005
1430002180,G005
1430002190,G005
1430002234,G013
1430002239,G013
1430002273,G013
1430002279,G005
1430002289,G013
1430002294,G013
1430002310,G005
1430002313,G013
1430002331,G005
1430002333,G005
1430002334,G005
1430002403,G005
1430002416,G005
1430002419,G005
1430002422,G005
1430002428,G005
1430002432,G005
1430002434,G005
1430002436,G005
1430002592,G005
1430002593,G005
1430002598,G005
1430002630,G013
1319006148,G013
1430002631,G005
1430002634,G005
1430002646,G005
1430003019,G005
1430003022,G005
1430003102,G005
1430003104,G005
1430003112,G005
1430003119,G005
1430003150,G005
1430003155,G013
1430003157,G005
1430004829,G005
1430004844,G005
1430004851,G005
1430004999,G005
1431000352,G005
1432001657,G013
1433003596,G005
1327004835,G013
1433004825,G005
1433005661,G013
1433005713,G005
1378008530,G005
1378008561,G005
1433009640,G013
1434007838,G005
1381002179,G005
1420007088,G005
1435003770,G005
1435007585,G005
1331002519,G005
1445004470,G005
1445005598,G005
1445007960,G005
1447001559,G005
1447001608,G005
1254005358,G013
1254005363,G013
1254005364,G013
1254005365,G013
1097003546,G013
1000004516,G013
1000004550,G013
1000004551,G013
1000004552,G013
1000004553,G013
1261003162,G013
1448002583,G005
1448002685,G005
1451005660,G013
1451005681,G013
1312005696,G013
1374009298,G005
1374009300,G005
1374009301,G005
1374009302,G005
1374009303,G005
1394004757,G013
1435006921,G013
1394004760,G013
1435006922,G013
1394005112,G013
1394005115,G013
1394005116,G013
1435008038,G013
1394005118,G013
1435008055,G013
1435008058,G013
1394005126,G013
1435008082,G013
1394005129,G013
1435008087,G013
1394005133,G013
1435008089,G013
1435008094,G013
1394005135,G013
1435008095,G013
1374009304,G005
1374009305,G013
1374009306,G013
1374009307,G005
1374009308,G005
1321002597,G013
1374009309,G005
1374009310,G013
1321002598,G013
1374009311,G005
1374009312,G005
1374009313,G005
1321002599,G013
1374009314,G005
1374009315,G013
1321002601,G013
1374009317,G005
1321002602,G013
1374009318,G005
1321002603,G013
1374009319,G005
1374009320,G005
1321002604,G013
1374009321,G005
1394005137,G013
1435009249,G013
1394005151,G013
1435009254,G013
1415008929,G005
1394005254,G013
1394005260,G013
1394005346,G013
1394005376,G013
1435009801,G013
1394005398,G013
1435009804,G013
1394005408,G013
1435009815,G013
1374009322,G005
1321002605,G013
1374009323,G005
1360001169,G013
1374009324,G005
1321002606,G013
1374009325,G005
1321002607,G013
1374009326,G005
1374009327,G005
1321002608,G013
1360002215,G013
1374009328,G005
1374009329,G005
1360002298,G013
1321002609,G013
1394005413,G013
1394005425,G013
1416006034,G013
1394005426,G013
1436000592,G005
1394005448,G013
1374009330,G005
1374009331,G013
1360002309,G013
1321002610,G013
1374009332,G013
1374009333,G005
1321002611,G013
1374009334,G005
1360002314,G013
1321002612,G013
1374009335,G013
1360002323,G013
1374009336,G013
1374009337,G005
1360002324,G013
1374009339,G013
1416008261,G013
1394005454,G013
1394005877,G013
1394005878,G013
1394005879,G013
1436001558,G013
1436001571,G013
1394006262,G013
1436004469,G013
1394006264,G013
1436004515,G013
1394006267,G013
1394006268,G013
1436005197,G013
1394007353,G013
1374009340,G005
1360002328,G013
1374009342,G005
1374009343,G013
1374009344,G005
1374009345,G013
1374009347,G005
1374009348,G005
1360005699,G013
1374009349,G005
1374009362,G005
1313004969,G013
1394007355,G013
1394007356,G013
1394007357,G013
1394007358,G013
1394007360,G013
1394007364,G013
1420003567,G005
1394007368,G013
1440004050,G013
1394007369,G013
1321007635,G013
1375001008,G005
1375007366,G013
1375007367,G013
1375007368,G014
1292008526,G014
1292008527,G014
1314001999,G014
1314002000,G005
1292008528,G014
1420005721,G005
1394007372,G014
1442004689,G014
1394007374,G014
1442006746,G014
1394007375,G014
1394007376,G014
1394007377,G014
1394007378,G014
1443006854,G014
1394007380,G014
1443006860,G014
1394007381,G014
1394007383,G014
1394007384,G014
1420006481,G014
1445001722,G014
1445004399,G014
1445004401,G014
506800927,G005
508400571,G014
508400573,G014
508400574,G014
508600131,G014
508800241,G014
508800251,G014
1261003163,G014
1154006920,G005
1117004660,G005
1445004403,G014
1445004405,G014
1394007892,G014
1445004434,G014
1445004436,G014
1445005551,G014
1394008356,G014
1314002002,G014
1292008529,G014
1314002007,G014
1292008818,G014
1314002008,G014
1314002009,G014
1314002010,G014
1314002012,G014
508800290,G014
508800304,G014
509000376,G005
1314002014,G014
1314002015,G014
1314002016,G014
1314002017,G014
1294004773,G014
1314002018,G014
1314002019,G014
1314002020,G014
1271009151,G005
1001002157,G014
1122005899,G014
1166002470,G014
1166002476,G014
1166002495,G014
1166002497,G014
1422003094,G005
1446007924,G005
1448002600,G014
1448003449,G005
1448003524,G005
1394009671,G014
1422004663,G005
1394009673,G014
1422005338,G005
1394009674,G014
1394009675,G014
1394009676,G014
1422009106,G014
1395003035,G014
1423001949,G014
1314002021,G014
1314002022,G014
1314002023,G014
1363002115,G005
1314002024,G014
1314002025,G014
1314002026,G014
1314002027,G014
1314002028,G014
1314002029,G014
1314002030,G014
1378008125,G005
1314002031,G014
1378008126,G005
513000373,G005
1378008127,G014
1378008128,G005
1314002032,G014
1378008129,G005
1378008130,G005
1314002034,G014
1378008131,G014
1314002035,G014
1314002036,G014
1314002037,G014
1314002040,G014
1396000873,G014
1396007030,G014
1396009735,G014
1396009736,G014
1396009737,G005
1396009738,G014
1396009740,G014
1396009741,G014
1396009742,G014
1396009743,G014
1396009744,G014
1397006872,G014
1397006873,G014
1397006874,G014
1398005342,G014
1398006660,G014
1398006664,G014
1398006665,G014
1299006073,G014
1299006436,G014
1378008494,G005
1314002042,G014
1378008495,G005
1378008496,G005
1378008497,G014
1314002047,G014
1378008498,G005
1378008500,G014
1314002050,G014
1378008501,G014
1378008502,G014
1378008503,G005
1378008505,G005
514200155,G005
514200821,G005
516300809,G005
1314002051,G014
1363002534,G005
1378008506,G005
1378008507,G005
1314002054,G014
1378008508,G005
1378008509,G005
1300009153,G014
1378008510,G014
1314002056,G014
1378008511,G014
1133008691,G005
1286007422,G014
1286007423,G014
1314002057,G014
1378008512,G014
1378008516,G014
1378008517,G005
1378008518,G014
1378008519,G005
1378008520,G005
1363004695,G005
1378008521,G005
1378008522,G005
1378008523,G014
1314002058,G014
1378008524,G005
1378008525,G005
1328004284,G014
1314002059,G014
1378008526,G005
1378008527,G014
1314002061,G014
1305003362,G014
1398006667,G014
1398007292,G014
1399001235,G014
1399005585,G014
1399008369,G014
1426005764,G014
1426007882,G005
1426007886,G014
1426007900,G005
1426008253,G014
1427000684,G005
1401001901,G014
1427000686,G005
1401001902,G014
1427000687,G005
1427000688,G005
1427000689,G005
1427000691,G005
1314002069,G014
1378009672,G005
1378009677,G005
1378009680,G005
1378009681,G005
1305003403,G014
1305003421,G014
1330009366,G014
1330009371,G014
1330009379,G014
1330009380,G014
1314003079,G014
1330009388,G014
1330009389,G014
1380003169,G005
1330009390,G014
1330009391,G014
1330009392,G014
1427000697,G005
1427000711,G005
1427000715,G005
1428005357,G014
1428006109,G005
1428006115,G014
1428006116,G005
1428006120,G005
1429002236,G014
1429002244,G014
1429003753,G005
1429003760,G005
1429004392,G014
1330009393,G014
1314003231,G014
1330009395,G014
1380007167,G005
1330009400,G014
1380007168,G005
1380007169,G005
1330009403,G014
1380007170,G014
1380007171,G014
1330009404,G014
1380007172,G005
1330009406,G014
1380007173,G014
1330009407,G014
1380007174,G005
1330009411,G014
1380007175,G005
1380007176,G005
1380007177,G005
1330009412,G014
1380007178,G014
516400764,G005
482900995,G005
531400153,G005
534300766,G014
534600085,G005
534600184,G005
30450094740,G005
1330009413,G014
1330009414,G014
1380007180,G014
1380007185,G014
1331000853,G014
1380007186,G014
1380007187,G014
1380007188,G014
1380007189,G005
1380007190,G005
1380007191,G005
1380007213,G005
1380008439,G005
1381002082,G014
1381002083,G014
1381002084,G014
1381002085,G014
1286007424,G014
1179000202,G014
1286007432,G015
1429005150,G005
1401003123,G015
1401004819,G015
1402000343,G015
1403002499,G005
1429009040,G015
1403005926,G015
1429009042,G015
1403006561,G005
1429009796,G005
1429009805,G005
1429009843,G015
1429009885,G015
1430000917,G015
1403008417,G015
1334003168,G015
1381002103,G015
1381002104,G005
1381003762,G005
1381003764,G005
1307000221,G015
1381003981,G005
1381003982,G005
1307000223,G015
1381003983,G005
1381004069,G015
1381004076,G015
1286007440,G015
1359007777,G015
1359007782,G015
1314002033,G015
1362001191,G015
1314002041,G015
1314002043,G015
1314002044,G015
1315006636,G015
1363006730,G005
1363006731,G005
1315006678,G015
1363006733,G005
1363006736,G015
1345008379,G005
1363006738,G005
1363006739,G005
1316000593,G015
1382007389,G005
1346000324,G015
1316000596,G015
1363006741,G005
1316000597,G015
1363006743,G005
1346000331,G015
1316000598,G015
1363006744,G005
1385006117,G005
1316001173,G015
1363006745,G005
1363006747,G005
1386000536,G005
1430002301,G005
1404003458,G005
1404004165,G015
1404004626,G015
1430003023,G015
1430003025,G005
1430003035,G005
1430003047,G005
1430003159,G015
1430003161,G015
1430003175,G015
1430004792,G005
1430004830,G005
1430004831,G015
1406002162,G005
1316001174,G015
1346000362,G015
1363006751,G005
1387000702,G005
1363006752,G015
1363006753,G015
1316001175,G015
1363006754,G015
1307006504,G015
1307006505,G015
1346008560,G015
1363006755,G015
1387009059,G005
1316004982,G015
1387009060,G005
1346008574,G015
1387009061,G005
1363006767,G015
1307006506,G015
1346008590,G015
1387009062,G005
1346008616,G015
1363006823,G015
30450094751,G005
1307006507,G015
1387009063,G005
1387009064,G005
1363006839,G015
1387009065,G005
1387009066,G005
1307006508,G015
1363006853,G015
1307006509,G015
1388001684,G005
1363006858,G015
1363006862,G005
1307006510,G015
1347002672,G015
1347004575,G015
1307006511,G015
1363006866,G015
1347004576,G015
1307006512,G015
1347004577,G015
1363006870,G015
1347004578,G015
1307006516,G015
1363006873,G015
1392000721,G015
1307006517,G015
1307006518,G015
1406002163,G005
1430004832,G005
1406006015,G015
1407004257,G005
1430004833,G005
1407004383,G015
1430004835,G015
1430004836,G005
1430004837,G015
1430004838,G005
1430004846,G005
1430004847,G005
1430004848,G015
1409000811,G015
1430004849,G005
1430004850,G015
1363007046,G005
1347004581,G015
1307006519,G015
1347004582,G015
1363007352,G015
1307006520,G015
1347004583,G015
1307006521,G015
1347004584,G015
30450094818,G005
30450094823,G005
30450094984,G005
1363007722,G005
1307006523,G015
1307006524,G015
1347004585,G015
1347004586,G015
1307006526,G015
1347004587,G015
1307006527,G015
1347004588,G015
1307006528,G015
1347004589,G015
1347004590,G015
1307006529,G015
1347004591,G015
1307006530,G015
1347004596,G015
1430004994,G015
1430004997,G005
1409000825,G015
1430005002,G006
1430005049,G006
1409000830,G015
1430005052,G006
1409007163,G015
1307006532,G015
1347004597,G015
1307006533,G015
1347004598,G015
1307006534,G015
1347004599,G015
1347004600,G015
1307006554,G015
1347004601,G015
1307006556,G015
1347004602,G015
1307006557,G015
1347004603,G015
1307006559,G015
1347004604,G015
1430008061,G015
1409007164,G015
1431004643,G015
1432002084,G006
1432004813,G006
1432004868,G015
1410009633,G006
1433003202,G015
1433003203,G015
1433003207,G015
1433003208,G015
1433003209,G015
1433003210,G015
1433003213,G015
1347004605,G015
1307006561,G015
1347004606,G015
1307006566,G015
1347004607,G015
1347004608,G015
1347004609,G015
1307007526,G006
1347004614,G015
1347004615,G015
1347004616,G015
1347004617,G015
1347004618,G015
1347004619,G015
1367003327,G015
1347004620,G015
1367003328,G015
1347004621,G015
1367003329,G015
1347004622,G015
1367003330,G015
1367003331,G015
1347004623,G015
1367003333,G015
1319006147,G015
1367003335,G015
1347004625,G015
1367003336,G015
1347004626,G015
1367007929,G015
1367007930,G015
1347005269,G015
1367007931,G015
1367007932,G015
1367009438,G015
1367009439,G015
1367009441,G016
1367009442,G016
30450095050,G006
30500043988,G006
30530049300,G006
30480061776,G006
1367009449,G016
1307009504,G016
1367009451,G016
1367009453,G016
1367009454,G016
1347009358,G016
1308007147,G016
1367009455,G016
1367009456,G017
1367009457,G017
1367009458,G017
1367009459,G017
1367009460,G017
1367009462,G017
1367009463,G017
1367009464,G017
1367009468,G017
1367009470,G017
1433003216,G017
1433003217,G017
1433003224,G017
1433003225,G017
1433003231,G006
1433003259,G017
1433003263,G017
1433004161,G017
1433004175,G017
1433004372,G017
1433004379,G017
1433004506,G017
1309003492,G017
1367009473,G017
1367009474,G017
1367009476,G017
1367009478,G017
1367009479,G017
1367009480,G017
1367009481,G018
1367009483,G018
1367009484,G018
1367009485,G018
1367009486,G018
1320007653,G018
1320007654,G018
1320007655,G018
1320007656,G018
1433004514,G018
1433005595,G018
1433005602,G018
1433005615,G018
1433005620,G018
1434002456,G018
1434002468,G018
1434002470,G018
1434002474,G018
1434002478,G018
1434002487,G018
1434002491,G018
1434002496,G018
1434002500,G018
1434002509,G018
1434008449,G006
1435000095,G018
1435000096,G018
1435000097,G018
1320007658,G018
1320007659,G018
1368005221,G018
1320007662,G018
1368005753,G018
1368005754,G018
1368005755,G018
1369009371,G018
1371006669,G018
1371006671,G018
1371006676,G018
1371006677,G018
1371006678,G018
1371006679,G018
1371006680,G018
1371006681,G018
1371006682,G018
1371006683,G018
1371006684,G018
1371006685,G018
1371006686,G018
1371006688,G006
1371006690,G018
1371006691,G018
1371006692,G018
1435000098,G018
1435000099,G018
1435000100,G018
1435000101,G018
1435000104,G018
1435000106,G018
1435000108,G018
1435000109,G018
1435000115,G018
1435000116,G018
1435000121,G018
1435006580,G018
1435006582,G018
1435006584,G018
1435006585,G018
1435006735,G018
1435006736,G018
1435006737,G018
1435006786,G018
1435006794,G018
1435006796,G018
1435006797,G018
1435006798,G018
1435006799,G018
1371006693,G018
1371006694,G018
1371006695,G018
1371006696,G018
1371006697,G018
1371006698,G018
1371006699,G018
1371006700,G018
1371006701,G018
1371006702,G018
1371006703,G018
1371006704,G018
1371006705,G018
1371006706,G018
1371006707,G018
1371006709,G018
1371006711,G018
1371006712,G018
1371006713,G018
1371006714,G018
1371006715,G018
1371006716,G018
1371006717,G018
1371006718,G018
1371006720,G018
1371006721,G018
1371006722,G018
1371006723,G018
1371006724,G018
1371006734,G018
1371006738,G018
1371006739,G018
1371006824,G018
1435006801,G018
1435006803,G018
1435006804,G018
1435006807,G018
1435006809,G018
1371006826,G018
1373008119,G018
1427000703,G006
1386002826,G006
1427000704,G006
1386002827,G006
1427000705,G006
1386002828,G006
1427000706,G006
1386002829,G006
1427000707,G006
1386002830,G006
1427000708,G006
1386002831,G006
1386003942,G006
1386003943,G006
1386003944,G006
1386003945,G006
1386003946,G018
1428000749,G018
1386003947,G018
1386003948,G018
1386003949,G018
1386003950,G018
1386003951,G018
1429000471,G018
1386003952,G006
1429000493,G018
1386003953,G006
1386003954,G006
1429000501,G018
1386003955,G006
1386003956,G006
1429000589,G018
1386003957,G006
1362008445,G018
1362008448,G006
1314002045,G018
1362008460,G006
1362008462,G006
1275004169,G018
1362008468,G006
1362008474,G018
1314002053,G018
1154003667,G018
1362008507,G006
1362008511,G006
1275004895,G018
1362008530,G006
1314002064,G018
1275005097,G018
1362008557,G018
1314002066,G018
1314002067,G018
1362008590,G018
1314002068,G018
1429000591,G018
1386003958,G008
1386003959,G008
1429002216,G018
1386003966,G018
1429003866,G018
1429005127,G018
1386007707,G018
1386007764,G008
1386007790,G008
1386008225,G008
1386008454,G008
1429009069,G018
1430000887,G018
1362008648,G018
1275005890,G018
1314002071,G018
1314003073,G019
1164007980,G019
1164007987,G019
1164008019,G019
1275006433,G019
1363001256,G019
1275006439,G019
1363001424,G019
1275006440,G019
1363001470,G019
1430000912,G019
1386009891,G019
1387000052,G008
1387000700,G019
1430004801,G019
1387004867,G008
1430004821,G019
1430004823,G019
1387005436,G008
1430004824,G019
1387005477,G008
1430004825,G019
1387005531,G019
1387005555,G019
1430004826,G019
1387005566,G008
1430004827,G019
1387005584,G008
1430004828,G019
1387005595,G008
1275006455,G019
1363001771,G019
1363001781,G019
1363001782,G019
1275006457,G019
1168006944,G008
1363001783,G019
1363001785,G019
1314003962,G019
1314003963,G019
1363001798,G019
1172003508,G019
1363001807,G019
1363001815,G019
469700596,G019
1387005631,G008
1387005661,G008
1387005675,G008
1430004834,G019
1387005712,G008
1387005723,G019
1430004993,G019
1387005730,G008
1387005736,G008
1387005742,G008
1387005752,G008
1430005001,G008
1387005761,G008
1430005047,G019
1387005764,G008
1314003964,G019
1363001819,G019
1172003566,G019
1314003965,G019
1314003966,G019
1363001853,G019
1363001854,G019
1314003967,G019
1179000199,G019
1314003983,G019
1363001857,G019
1363001862,G019
1314004005,G019
1179000200,G019
1363001865,G019
1179000201,G019
1363001867,G019
1430008022,G019
1387005776,G008
1432006094,G019
1433000305,G019
1433003187,G019
1387009296,G008
1433003199,G019
1388000466,G008
482900223,G019
1433003214,G019
1388000691,G019
1433003215,G019
482900308,G008
1388001626,G008
1388002480,G019
1433003218,G019
482900408,G008
1388003350,G008
1433003219,G019
482900489,G008
1314004295,G008
1363003162,G019
1315006582,G019
1184008069,G019
1315006633,G019
1184008091,G019
1388003354,G019
1433003220,G019
1388003393,G019
482900513,G019
1433003221,G019
482900523,G019
1389004050,G008
1433003222,G019
1390006521,G019
1433003223,G019
1433003226,G019
1433003227,G019
1433003228,G019
1433003229,G019
1433003230,G019
1315006634,G019
1363006912,G019
1315006635,G019
1363006921,G019
1363006923,G019
1315006676,G019
1286007401,G019
1363006933,G019
1363007084,G019
1286007436,G019
1286007475,G019
1315006803,G019
1363007726,G019
1364000355,G019
1394007392,G019
1433004151,G019
1394007393,G019
1394007394,G019
1433004152,G019
1394007395,G019
1433004156,G019
1433005584,G019
492900473,G019
1433005587,G019
1394008100,G019
1433005591,G019
1434002400,G019
1434008347,G019
506800802,G019
1434008350,G019
506800809,G019
1434008352,G019
1396009745,G019
1434008367,G019
1000004403,G008
1205006145,G019
1316000599,G019
1292006065,G019
1367007922,G008
1367007927,G008
1367007934,G008
1316005247,G019
1367008761,G019
1316005249,G019
1295008276,G008
1316007579,G019
1367009434,G008
1367009443,G019
1299006435,G019
1367009445,G019
1367009446,G019
1367009447,G019
1367009450,G019
1304004328,G008
1367009452,G019
1367009461,G008
1367009465,G008
1367009466,G008
1367009467,G019
1367009472,G019
506800810,G019
1396009746,G019
1434008376,G019
506800811,G019
1434008377,G019
1434008448,G019
509000118,G008
516300708,G019
516300711,G008
516300871,G019
516400586,G019
1435006783,G019
516400599,G019
1435006784,G019
516400739,G019
1367009475,G019
1367009482,G019
1367009489,G019
1367009490,G019
1368000478,G008
1368005752,G019
1306000509,G019
1368005756,G019
1306000512,G019
1368006246,G019
1306003079,G019
1368007739,G019
1306003161,G019
1319007713,G019
1435006818,G019
1402005785,G019
1435006820,G019
1435006822,G019
1403000492,G008
523600844,G019
1435006823,G019
1403002368,G019
523600846,G019
1403002457,G019
1403002542,G019
523800670,G019
1435008013,G019
1435008024,G019
1435009764,G019
1435009969,G019
1436000519,G019
1436000542,G019
1436000549,G019
1436000575,G019
1368009538,G019
1306005460,G008
1307000326,G019
1307000327,G019
1319007740,G019
1369008265,G019
1307000328,G019
1307000329,G019
1319008519,G008
1307000330,G019
1319008520,G008
1319008521,G008
1371003838,G019
1436000581,G019
1436000584,G019
1436001227,G019
1403009098,G008
1404003188,G008
1404003190,G008
1404003202,G008
1404004510,G008
1442009484,G008
1442009495,G008
1404005896,G008
1404008002,G019
1444000779,G008
1404008003,G019
1444001104,G008
1444001105,G008
1444001106,G008
1406009501,G019
1444001107,G008
1444001109,G008
1444001110,G008
1444001115,G008
1307000331,G019
1319008531,G008
1371003842,G019
1307000347,G019
1371003868,G019
1371003870,G019
1307000368,G019
1371003881,G019
1320005408,G008
1079007130,G019
1371006654,G019
1371006728,G019
1371006729,G019
1371006730,G019
1371006731,G019
1321005019,G008
1321005020,G008
1307006515,G019
1374006195,G019
1374006217,G019
1374006229,G019
1374006278,G019
1374006290,G019
1374006292,G019
1374006294,G019
1374009352,G008
1374009355,G019
1307006558,G019
1307006563,G019
1374009356,G008
1374009357,G019
1374009358,G019
1307006565,G019
1374009359,G008
1446007922,G008
1408007396,G019
1408008400,G008
534500821,G019
534500975,G019
534600016,G019
1409000820,G019
534600070,G019
1409000821,G019
534600080,G019
534600096,G019
534600097,G019
1409000822,G019
534600176,G019
1409000823,G019
534600177,G019
534600178,G019
1409000824,G019
534600179,G019
534600180,G019
534600183,G019
1409000826,G019
1409000827,G019
1409000828,G019
534900628,G019
1409000829,G019
1409001616,G019
1410008907,G019
1410008949,G019
1410009017,G019
1410009632,G019
1412004046,G008
1412009595,G019
1413008700,G019
1413008810,G019
1415007766,G019
1328005658,G008
1374009360,G008
1374009361,G008
1307006578,G019
1330009421,G019
1330009422,G019
1330009423,G019
1307007479,G019
1330009424,G019
1330009425,G019
1307007525,G019
1330009428,G019
1330009429,G019
1330009430,G019
1330009431,G019
1307008922,G019
1330009443,G019
1375009162,G019
1308000285,G019
1330009446,G019
1230005334,G019
1330009447,G019
1330009448,G019
1330009449,G019
1308002245,G019
1330009450,G019
1308006995,G019
1308007061,G019
1309007114,G019
1378002952,G019
1312005730,G019
1312005754,G019
1312005805,G019
1312005845,G019
1312005996,G008
1312008574,G019
1378006828,G008
1241006360,G019
1312009945,G019
1345008356,G019
1378008132,G008
1345008357,G019
1123001904,G019
1312009946,G019
1254005367,G019
1378008133,G008
1254005368,G019
1312009947,G019
1123001907,G019
1378008134,G008
1123001908,G019
1345008359,G019
1378008135,G019
1378008136,G008
1312009948,G019
1378008138,G019
1345008362,G019
1378008139,G008
1345008364,G019
1312009949,G019
1124002814,G019
1345008365,G019
1345008367,G019
1312009952,G019
1345008368,G019
1345008369,G019
1312009953,G019
1345008372,G019
1379009074,G008
1312009954,G019
1345008375,G019
1312009955,G019
1133000191,G019
1260000786,G008
1133000473,G019
1417002652,G019
1417002653,G019
1417002654,G019
1420002837,G019
1420003180,G019
1420004603,G019
1420005719,G008
1312009957,G019
1379009837,G019
1380002934,G019
1313000787,G019
1380002992,G019
1380002993,G019
1135003933,G019
1380002994,G019
1313000788,G019
1313000789,G019
1380003055,G019
1135003940,G019
1380003056,G019
1135003941,G019
1380003067,G019
1346008567,G019
1380003068,G019
1380003069,G019
1380003082,G019
1347002626,G019
1380003083,G019
1271008438,G019
1271008442,G019
1313003321,G019
1380007181,G019
1380007182,G019
1380007184,G008
1380007204,G019
1380007205,G019
1380007206,G019
1380007208,G019
1380007209,G008
1380007210,G019
1348007327,G019
1380007211,G019
1348007808,G008
1380007212,G008
1420006459,G019
1420006463,G019
1420006465,G008
1420006472,G019
1422003167,G019
1422005237,G008
1425008525,G008
1425008527,G008
1425008528,G008
1425008529,G008
1425008559,G008
1425008560,G008
1425008566,G019
1348007853,G008
1348007895,G008
1380008438,G008
1381003801,G008
1348007899,G019
1381003802,G019
1348007905,G008
1381003803,G019
1381003804,G019
1348007918,G019
1381003807,G019
1348007921,G019
1381003810,G008
1348007938,G008
1381003857,G008
1348007939,G019
1381003858,G008
1348007940,G008
1381003859,G008
1348007941,G019
1381003860,G019
1348007943,G019
1381003861,G008
1381003862,G019
1348007944,G008
1381003867,G008
1381003927,G008
1381004058,G008
1381004071,G019
1382000904,G019
1382001174,G008
1382002987,G019
1382007387,G019
1382007388,G019
1382007390,G008
1425008568,G019
1425008573,G019
1425008574,G019
1425008575,G019
1425008576,G019
1426005776,G008
1426008296,G019
1426008299,G019
1427000675,G008
1427000677,G008
1427000679,G019
1427000680,G008
1427000681,G008
1427000682,G008
1427000683,G008
1383002805,G008
1383002816,G008
1383003046,G019
1385000166,G008
1385006106,G019
1385006107,G008
1385006108,G008
1385006109,G008
1427000692,G008
1427000695,G008
1427000696,G008
1427000698,G008
1427000700,G019
1427000701,G008
1427000702,G008
534400839,G019
534400840,G019
534400842,G019
534400843,G019
534400844,G019
534500966,G019
534500967,G019
534500969,G019
534500970,G019
534500971,G019
534500972,G019
534500974,G019
534500989,G019
534500990,G020
534500991,G020
534500992,G020
534500993,G020
534500994,G020
534500995,G020
534600065,G020
534600066,G020
534600067,G020
534600068,G020
534600069,G020
534600081,G020
534600082,G020
534600083,G020
534600084,G020
534900625,G020
534900626,G020
534900636,G020
534900639,G020
534900671,G020
535700602,G020
535700654,G020
535800197,G020
535800548,G020
535900788,G020
541400410,G020
541400424,G020
1385006110,G008
1385006111,G008
1385006112,G008
1385006114,G020
1385006115,G008
1385006116,G020
1386002817,G008
1386002821,G008
1386002823,G008
1386002825,G008
1307000333,G020
1386003961,G020
1386003962,G020
1307000335,G020
1386003963,G020
1307000338,G020
1386003964,G020
1386009890,G020
1307000339,G020
1022008477,G008
1387000051,G008
1307000340,G020
1387009295,G008
1307000341,G020
1388000471,G008
1307000342,G020
1388003340,G008
1307000343,G020
1389006249,G008
1307000345,G020
1307000346,G020
1307000350,G020
1307000359,G020
1307000360,G020
1307000361,G020
1307000362,G020
1395001459,G020
1307000363,G020
1395002762,G021
1307000364,G021
1307000365,G008
1307000366,G021
1307000367,G021
1307006573,G021
542700462,G021
542700487,G021
542700511,G021
542700514,G021
542700517,G021
542700524,G021
1307006577,G021
1307008879,G021
1307008880,G021
1307009003,G021
1308001223,G021
1405007098,G021
1405008333,G008
1312004798,G021
1312004799,G021
1140001311,G008
1313000779,G021
1313001658,G021
1146001844,G021
1410009631,G021
1410009634,G021
1313001659,G021
1313002438,G021
1313002466,G008
1415007756,G021
1415007757,G021
1168006855,G021
1314002943,G021
1415007758,G021
1168006867,G008
1314003970,G021
1415007759,G021
1415007760,G021
1314003971,G021
1415007761,G021
1415007762,G021
1314003972,G021
1415007763,G021
1314003975,G021
1415007764,G021
1415007765,G021
1314003976,G021
1181008012,G021
1418003640,G021
1314003977,G021
1314003978,G021
1418003728,G021
1418003781,G021
1314003979,G021
1418005271,G021
1314003980,G021
1420002119,G021
1420002347,G021
1420002569,G021
1314003981,G021
1420002580,G021
1314003982,G021
1420002717,G021
1420002720,G021
1420003127,G021
1314003986,G021
1420003130,G021
1420003142,G021
1420003147,G021
1420003148,G021
1420003151,G021
1207005456,G021
1420003153,G021
1420003163,G021
1420004600,G021
1420005659,G021
1314003999,G021
1420005705,G021
1314004000,G021
1420005706,G021
1314004001,G021
1420005708,G021
1420005709,G021
1314004002,G021
1420005711,G021
1314004003,G021
1420005715,G021
1314004004,G021
1420005718,G021
1422003085,G021
1422003086,G021
1422003090,G021
1315006801,G021
1422003091,G021
1261003165,G021
1422004808,G008
1261003167,G021
1422005140,G008
1315006802,G021
1422005143,G008
1422005154,G008
1422005156,G008
1422005157,G008
1422005161,G008
1422005167,G008
1422005169,G008
1422005171,G008
1271000862,G021
1422005172,G008
1272002814,G021
1427000693,G008
1427000694,G008
1272005059,G021
1427000699,G008
1427000709,G008
1427000710,G008
1319007754,G021
1427000712,G008
1274006072,G008
1427000714,G008
1428000745,G021
1428000746,G021
1319008523,G008
1428000747,G021
1319008524,G008
1275004408,G021
1319008526,G008
1428000748,G021
1275005879,G008
1319008527,G008
1275005902,G008
1429002733,G021
1319008528,G008
1429005036,G021
1275005904,G008
1275005907,G021
1429005037,G021
1319008529,G008
1429005051,G021
1275006487,G021
1275006488,G021
1429005056,G021
493900792,G021
1430000154,G021
1319008530,G008
1431009257,G021
511900238,G021
1432000093,G008
1319008543,G008
1275006505,G021
1319008544,G008
1275006506,G021
1433000193,G021
1319008545,G008
1433000198,G021
1319008547,G008
1433000237,G021
1319008548,G008
1433000242,G021
1319008549,G008
1433000277,G021
1433003155,G021
1433003159,G021
1433003168,G021
1433003172,G021
1320007338,G021
534400834,G021
1433003173,G021
534400836,G021
534400837,G021
1433003174,G021
1433003185,G021
534400838,G021
1290005281,G021
1433003186,G021
1433003188,G021
1433003190,G021
1325000930,G021
1433003191,G021
1305006833,G021
1433003192,G021
1433003193,G021
1307000324,G021
1433003194,G021
1433003195,G021
1433003198,G021
1434000561,G021
1434000567,G021
1346004723,G021
1346004792,G008
1346007650,G021
1435009771,G021
1346007975,G021
1435009775,G021
1346007987,G021
1435009796,G021
1346007988,G021
1435009799,G021
1346007989,G021
1435009800,G021
1346007990,G021
1346008472,G021
1435009805,G021
1435009816,G021
1346008480,G021
1435009818,G021
1346008481,G021
1435009821,G021
1346008489,G021
1435009853,G021
1346008497,G021
1435009855,G021
1346008500,G021
1435009863,G021
1346008507,G021
1435009865,G021
1435009960,G021
1436000036,G021
1436000262,G021
1436000266,G021
1436000310,G021
1350002736,G021
1350002851,G021
1436000332,G021
1436000343,G021
1443003594,G021
1443007889,G021
1443007890,G021
1444000726,G021
1455006406,G008
1363001201,G021
1363001202,G021
1363001203,G021
1363001204,G021
1363001205,G021
1363001206,G021
1363001207,G021
1363001208,G021
1363001209,G021
1363001210,G021
1363001211,G021
1363001212,G021
1363001218,G021
1363001254,G021
1363001418,G021
1363001419,G021
1363001420,G021
1363001421,G021
1363001422,G021
1363001423,G021
1363003144,G021
1363003145,G021
1363003146,G021
1363003147,G021
1363003148,G021
1363003153,G021
1363003154,G021
1363004556,G021
1363007723,G021
1363007725,G021
1367008139,G008
1367008140,G021
1367008141,G021
1367008142,G021
1367008143,G021
1367008144,G021
1367008145,G021
1367008146,G021
1367008147,G021
1367008148,G021
1367008149,G021
1367008151,G021
1367008152,G021
1367008155,G021
1367009496,G021
1371006644,G021
1371006645,G021
1371006646,G021
1371006647,G021
1371006648,G021
1371006649,G021
1371006650,G021
1371006651,G021
1371006652,G021
1371006653,G021
1376007440,G008
1376007441,G008
1376007442,G008
1376007443,G008
1376007445,G008
1376007446,G008
1376007447,G008
1377002216,G021
1378002666,G021
1378002667,G021
1378006826,G021
1378006827,G021
1379009069,G008
1379009070,G008
1379009071,G008
1379009072,G008
1379009073,G008
1380007207,G008
1381004006,G008
1381004057,G021
1382000899,G021
1382000900,G021
1382000901,G021
1382000902,G021
1382000909,G008
1382000910,G021
1382000911,G008
1382001169,G021
1382001170,G021
1383002181,G008
1383002804,G009
1383002810,G009
1383002815,G009
1385000106,G009
1385000114,G021
1385000144,G021
1385000147,G009
1385000152,G009
1385000155,G009
1386002413,G009
1122004061,G009
1146005729,G009
1307000348,G021
1314003984,G022
1314003985,G022
1346007992,G022
1346007994,G022
1350002569,G022
1350002575,G022
1350002756,G022
1350002776,G022
1363001214,G022
1367008154,G022
511500612,G022
1416001604,G022
6006001189,G022